0001000002000000000000000
0000000000000200000000000
0000002000000000100000000
0000000000000000000000000
0000000000200000000000000
0001000000000001000000000
0000000000000000000000000
0000000000002000100000000
0000000000000000000000000
0001000000000020000000000
0000000000000000000000000
0000010000000010000000000
0000000000000000000000000
0000000000000000000000000
0000010000000002000000000
0000001000000000000000000
0000000000000000000010000
0000000000000000000000000
0002000000000000000000000
0000000000001000000000000
0000000000000000020000000
0001000000000000000000000
0000000000010000100000000
0000000000000000000000000
0000000000000000000011000
